#group: free  frags first [ 2^0   2^1   2^2   2^3   2^4   2^5   2^6   2^7   2^8   2^9   2^10  2^11  2^12  2^13  ]
#0    : 5211  13    10496 [ 7     8     5     6     4     6     6     1     3     1     1     1     0     0     ]
#1    : 7401  196   1055  [ 151   119   99    57    27    25    17    12    9     0     0     0     0     0     ]
#2    : 9486  102   2048  [ 86    62    65    53    47    23    21    21    12    0     0     0     0     0     ]
#3    : 8769  62    1028  [ 51    43    50    40    35    34    25    14    10    1     0     0     0     0     ]
#4    : 13790 65    0     [ 48    45    43    41    38    34    29    17    13    0     0     0     1     0     ]
#5    : 24536 15    1032  [ 6     5     10    6     1     5     3     2     3     1     2     0     3     1     ]
#6    : 25393 12    0     [ 5     8     9     9     9     9     6     7     2     1     2     2     0     2     ]
#7    : 8235  3     1027  [ 3     2     1     2     3     3     2     2     2     2     0     1     1     0     ]
#8    : 17746 38    1231  [ 26    12    20    14    14    12    6     5     4     5     0     4     1     0     ]
#9    : 30678 13    1056  [ 6     4     8     9     12    7     5     3     3     4     2     0     2     2     ]
#10   : 28591 10    0     [ 7     4     2     3     2     1     1     2     2     4     3     5     1     1     ]
#11   : 32768 1     0     [ 0     0     0     0     0     0     0     0     0     0     0     0     0     4     ]
#12   : 32083 5     0     [ 3     2     3     2     1     3     1     3     3     2     1     2     2     2     ]
#13   : 32768 1     0     [ 0     0     0     0     0     0     0     0     0     0     0     0     0     4     ]
#14   : 32558 7     0     [ 4     5     6     5     2     4     5     4     1     1     2     2     2     2     ]
#15   : 21428 15    4     [ 16    10    4     10    7     6     6     5     4     3     1     2     3     0     ]
#16   : 1347  33    8192  [ 29    15    6     8     7     6     8     1     1     0     0     0     0     0     ]
#17   : 10029 152   22    [ 109   96    88    66    39    29    16    17    14    1     0     0     0     0     ]
#18   : 14660 445   61    [ 426   269   184   80    50    34    25    23    9     5     1     0     0     0     ]
#19   : 20077 43    431   [ 41    4     5     1     4     3     2     6     4     1     1     0     0     2     ]
#20   : 14412 14    1157  [ 10    11    13    7     12    6     5     2     4     0     2     1     2     0     ]
#21   : 20091 9     937   [ 7     8     9     6     7     7     3     6     1     2     3     1     1     1     ]
#22   : 32736 2     0     [ 0     0     0     0     0     1     1     1     1     1     1     1     1     3     ]
#23   : 32734 1     34    [ 0     1     1     1     1     0     1     1     1     1     1     1     1     3     ]
#24   : 32768 1     0     [ 0     0     0     0     0     0     0     0     0     0     0     0     0     4     ]
#25   : 31740 1     1028  [ 0     0     1     1     1     1     1     1     1     1     0     1     1     3     ]
#26   : 32767 1     1     [ 1     1     1     1     1     1     1     1     1     1     1     1     1     3     ]
#27   : 31740 1     1028  [ 0     0     1     1     1     1     1     1     1     1     0     1     1     3     ]
#28   : 32767 1     1     [ 1     1     1     1     1     1     1     1     1     1     1     1     1     3     ]
#29   : 5903  13    27    [ 5     3     5     4     7     7     2     4     5     3     0     1     0     0     ]
#30   : 17040 11    14    [ 4     6     6     5     6     5     5     4     2     2     2     4     1     0     ]
#31   : 23572 1     9196  [ 0     0     1     0     1     0     0     0     0     0     1     1     1     2     ]
#32   : 12957 81    9520  [ 69    28    14    13    20    8     5     2     1     0     1     1     0     1     ]
#33   : 16384 1     16384 [ 0     0     0     0     0     0     0     0     0     0     0     0     0     2     ]
#34   : 4700  138   44    [ 86    91    68    58    27    14    12    6     5     0     0     0     0     0     ]
#35   : 5928  139   136   [ 92    96    93    63    44    27    24    9     2     0     0     0     0     0     ]
#36   : 9547  156   327   [ 87    100   85    81    57    42    22    12    10    1     0     0     0     0     ]
#37   : 13387 154   201   [ 77    79    68    68    59    54    39    30    11    1     0     0     0     0     ]
#38   : 23909 79    248   [ 37    42    51    46    43    40    28    22    17    8     2     3     0     0     ]
#39   : 21065 43    292   [ 31    33    34    36    32    30    26    18    15    10    2     2     0     0     ]
#40   : 6048  15    440   [ 14    7     11    13    9     11    12    8     10    0     1     0     0     0     ]
#41   : 12122 32    0     [ 18    20    22    21    18    14    9     6     6     2     1     1     1     0     ]
#42   : 4877  5     2048  [ 3     3     1     2     3     0     3     2     3     1     1     1     0     0     ]
#43   : 1723  15    10240 [ 15    8     7     6     3     5     4     3     3     0     0     0     0     0     ]
#44   : 20844 11    3871  [ 6     7     6     6     5     8     5     5     4     4     2     3     0     1     ]
#45   : 15653 14    0     [ 5     6     5     8     8     8     5     4     2     1     3     3     1     0     ]
#46   : 24650 5     2034  [ 4     3     4     4     3     1     3     0     1     1     1     3     0     2     ]
#47   : 32711 2     0     [ 1     1     1     0     0     0     1     1     1     1     1     1     1     3     ]
#48   : 21370 13    9018  [ 6     8     9     6     7     7     5     5     2     0     1     1     0     2     ]
#49   : 14526 263   1081  [ 176   131   114   82    63    68    41    26    15    0     0     0     0     0     ]
#50   : 8636  82    0     [ 62    51    56    47    40    32    19    11    14    0     0     0     0     0     ]
#51   : 21860 107   496   [ 86    91    84    79    63    47    33    37    38    1     1     0     0     0     ]
#52   : 16282 24    399   [ 14    16    17    15    23    16    11    9     6     9     3     0     1     0     ]
#53   : 18394 5     5366  [ 2     4     4     4     4     3     4     2     1     2     2     1     1     1     ]
#54   : 1464  1     19016 [ 0     0     0     1     1     1     0     1     1     0     1     0     0     0     ]
#55   : 2047  1     1     [ 1     1     1     1     1     1     1     1     1     1     1     0     0     0     ]
#56   : 0     0     32768 [ 0     0     0     0     0     0     0     0     0     0     0     0     0     0     ]
#57   : 2035  3     8     [ 1     1     0     2     2     2     2     2     0     1     1     0     0     0     ]
#58   : 8552  1     24216 [ 0     0     0     1     0     1     1     0     1     0     0     0     0     1     ]
#59   : 32768 1     0     [ 0     0     0     0     0     0     0     0     0     0     0     0     0     4     ]
#60   : 32768 1     0     [ 0     0     0     0     0     0     0     0     0     0     0     0     0     4     ]
#61   : 32766 2     0     [ 0     1     1     1     1     1     1     1     1     1     1     1     1     3     ]
#62   : 32768 1     0     [ 0     0     0     0     0     0     0     0     0     0     0     0     0     4     ]
#63   : 14658 35    217   [ 30    34    42    31    28    20    16    10    4     3     2     1     1     0     ]
#64   : 28696 1     4072  [ 0     0     0     1     1     0     0     0     0     0     0     0     1     3     ]
#65   : 32768 1     0     [ 0     0     0     0     0     0     0     0     0     0     0     0     0     4     ]
#66   : 32768 1     0     [ 0     0     0     0     0     0     0     0     0     0     0     0     0     4     ]
#67   : 32768 1     0     [ 0     0     0     0     0     0     0     0     0     0     0     0     0     4     ]
#68   : 32768 1     0     [ 0     0     0     0     0     0     0     0     0     0     0     0     0     4     ]
#69   : 32768 1     0     [ 0     0     0     0     0     0     0     0     0     0     0     0     0     4     ]
#70   : 32768 1     0     [ 0     0     0     0     0     0     0     0     0     0     0     0     0     4     ]
#71   : 6144  1     0     [ 0     0     0     0     0     0     0     0     0     0     0     1     1     0     ]
