0000	808629c0	0	               0	               0	               0	               0	               0	               0	               0	               0	               0	               0	               0	               0	               0	               0	
0008	1b360100	15	        f4000000	        f8000000	        fd010000	            c041	               0	               0	           c0002	         4000000	         4000000	            2000	              20	               0	               0	           20000	qxl
0010	1b36000c	16	        fd012000	               0	               0	               0	               0	               0	               0	            1000	               0	               0	               0	               0	               0	               0	pcieport
0011	1b36000c	16	        fd013000	               0	               0	               0	               0	               0	               0	            1000	               0	               0	               0	               0	               0	               0	pcieport
0012	1b36000c	16	        fd014000	               0	               0	               0	               0	               0	               0	            1000	               0	               0	               0	               0	               0	               0	pcieport
0013	1b36000c	16	        fd015000	               0	               0	               0	               0	               0	               0	            1000	               0	               0	               0	               0	               0	               0	pcieport
0014	1b36000c	16	        fd016000	               0	               0	               0	               0	               0	               0	            1000	               0	               0	               0	               0	               0	               0	pcieport
0015	1b36000c	16	        fd017000	               0	               0	               0	               0	               0	               0	            1000	               0	               0	               0	               0	               0	               0	pcieport
0016	1b36000c	16	        fd018000	               0	               0	               0	               0	               0	               0	            1000	               0	               0	               0	               0	               0	               0	pcieport
0017	1b36000c	16	        fd019000	               0	               0	               0	               0	               0	               0	            1000	               0	               0	               0	               0	               0	               0	pcieport
00f8	80862918	0	               0	               0	               0	               0	               0	               0	               0	               0	               0	               0	               0	               0	               0	               0	lpc_ich
00fa	80862922	2e	               0	               0	               0	               0	            c061	        fd01a000	               0	               0	               0	               0	               0	              20	            1000	               0	ahci
00fb	80862930	10	               0	               0	               0	               0	             701	               0	               0	               0	               0	               0	               0	              40	               0	               0	i801_smbus
0100	1af41041	16	               0	        fce40000	               0	               0	        fea0000c	               0	        fce00000	               0	            1000	               0	               0	            4000	               0	           40000	virtio-pci
0200	1b36000d	16	        fcc00004	               0	               0	               0	               0	               0	               0	            4000	               0	               0	               0	               0	               0	               0	xhci_hcd
0300	1af41043	16	               0	        fca00000	               0	               0	        fe60000c	               0	               0	               0	            1000	               0	               0	            4000	               0	               0	virtio-pci
0400	1af41042	16	               0	        fc800000	               0	               0	        fe40000c	               0	               0	               0	            1000	               0	               0	            4000	               0	               0	virtio-pci
0500	1af41045	16	               0	               0	               0	               0	        fe20000c	               0	               0	               0	               0	               0	               0	            4000	               0	               0	virtio-pci
0600	1af41044	16	               0	               0	               0	               0	        fe00000c	               0	               0	               0	               0	               0	               0	            4000	               0	               0	virtio-pci
0700	1af41048	16	               0	        fc200000	               0	               0	        fde0000c	               0	               0	               0	            1000	               0	               0	            4000	               0	               0	virtio-pci
