00000000000000000000000000000001 80 00000000000000000000000000000000 00 00000000000000000000000000000000 00000100 00000001 00000000 00000001       lo
fd0504b707832cca0000000000000000 40 00000000000000000000000000000000 00 00000000000000000000000000000000 00000064 00000002 00000000 00000001   enp1s0
fd6dabfc8c9800010000000000000000 40 00000000000000000000000000000000 00 fe800000000000004a38f76032ef69f7 00000064 00000001 00000000 00000003   enp1s0
fe800000000000000000000000000000 40 00000000000000000000000000000000 00 00000000000000000000000000000000 00000400 00000002 00000000 00000001   enp1s0
00000000000000000000000000000000 00 00000000000000000000000000000000 00 00000000000000000000000000000000 ffffffff 00000001 00000000 00200200       lo
00000000000000000000000000000001 80 00000000000000000000000000000000 00 00000000000000000000000000000000 00000000 00000004 00000000 80200001       lo
fd0504b707832cca505400fffeb3c9c6 80 00000000000000000000000000000000 00 00000000000000000000000000000000 00000000 00000002 00000000 80200001   enp1s0
fe80000000000000505400fffeb3c9c6 80 00000000000000000000000000000000 00 00000000000000000000000000000000 00000000 00000002 00000000 80200001   enp1s0
ff000000000000000000000000000000 08 00000000000000000000000000000000 00 00000000000000000000000000000000 00000100 00000005 00000000 00000001   enp1s0
00000000000000000000000000000000 00 00000000000000000000000000000000 00 00000000000000000000000000000000 ffffffff 00000001 00000000 00200200       lo
