sk               Eth Pid        Groups   Rmem     Wmem     Dump  Locks    Drops    Inode
ffffa08d80321000 0   0          00000000 0        0        0     2        0        9       
ffffa08d86853000 0   767        000405d1 0        0        0     2        0        15107   
ffffa08d828d4800 4   0          00000000 0        0        0     2        0        199     
ffffa08d828d6000 6   0          00000000 0        0        0     2        0        200     
ffffa08d81632000 7   0          00000000 0        0        0     2        0        104     
ffffa08d80322800 9   0          00000000 0        0        0     2        0        18      
ffffa08d86855800 9   722        00000000 0        0        0     2        0        14894   
ffffa08d870c1800 9   1          00000000 0        0        0     2        0        16040   
ffffa08d81630800 10  0          00000000 0        0        0     2        0        66      
ffffa08d808e3000 11  0          00000000 0        0        0     2        0        34      
ffffa08d9a464800 12  749        00000000 0        0        0     2        0        16814   
ffffa08d9a55f000 12  0          00000000 0        0        0     2        0        16713   
ffffa08d86864000 15  754        00000002 0        0        0     2        0        15061   
ffffa08d88a7b800 15  2836853770 00000002 0        0        0     2        0        15209   
ffffa08d86862000 15  767        00000002 0        0        0     2        0        15104   
ffffa08d86867000 15  2299091599 00000002 0        0        0     2        0        15063   
ffffa08d86860800 15  2302438099 00000002 0        0        0     2        0        15064   
ffffa08d86865000 15  4195519011 00000002 0        0        0     2        0        15062   
ffffa08d80323800 15  0          00000000 0        0        0     2        0        20      
ffffa08d9a8b9800 15  1970       00000002 0        0        0     2        0        20195   
ffffa08d8711e800 15  1          00000002 0        0        0     2        0        16032   
ffffa08d8710b800 15  2555265043 00000001 0        0        0     2        0        16054   
ffffa08d86856000 16  2922378748 00008000 0        0        0     2        0        15106   
ffffa08d80327000 16  0          00000000 0        0        0     2        0        10      
ffffa08d86860000 16  767        00000000 0        0        0     2        0        15105   
ffffa08d80904000 18  0          00000000 0        0        0     2        0        37      
ffffa08d81635800 21  0          00000000 0        0        0     2        0        105     
