Num       RefCount Protocol Flags    Type St Inode Path
ffffa08d87106a80: 00000002 00000000 00010000 0005 01 16052 /run/udev/control
ffffa08d8684b740: 00000002 00000000 00010000 0001 01 14943 /run/dbus/system_bus_socket
ffffa08d8684aa80: 00000002 00000000 00010000 0001 01 14946 /run/.heim_org.h5l.kcm-socket
ffffa08d87105980: 00000002 00000000 00000000 0002 01 20197 /run/user/0/systemd/notify
ffffa08d8878b740: 00000002 00000000 00010000 0001 01 20200 /run/user/0/systemd/private
ffffa08d88788440: 00000002 00000000 00010000 0001 01 20210 /run/user/0/bus
ffffa08d8684b300: 00000002 00000000 00010000 0001 01 14575 /run/systemd/journal/io.systemd.journal
ffffa08d86a4ccc0: 00000003 00000000 00000000 0002 03   528 /run/systemd/notify
ffffa08d8719d100: 00000002 00000000 00010000 0001 01 16650 /run/irqbalance/irqbalance750.sock
ffffa08d809b5dc0: 00000002 00000000 00010000 0001 01 15007 /var/run/lsm/ipc/sim
ffffa08d86a4a200: 00000002 00000000 00010000 0001 01   533 /run/systemd/userdb/io.systemd.DynamicUser
ffffa08d8719d980: 00000002 00000000 00010000 0001 01 16651 /var/run/lsm/ipc/simc
ffffa08d86a48000: 00000002 00000000 00010000 0001 01   534 /run/systemd/io.system.ManagedOOM
ffffa08d86a4e640: 00000002 00000000 00000000 0002 03 15026 /run/chrony/chronyd.sock
ffffa08d86a4d100: 0000000A 00000000 00000000 0002 03   541 /run/systemd/journal/dev-log
ffffa08d86a4d540: 00000008 00000000 00000000 0002 03   543 /run/systemd/journal/socket
ffffa08d86a48440: 00000002 00000000 00010000 0001 01   545 /run/systemd/journal/stdout
ffffa08d86849540: 00000002 00000000 00010000 0001 01 14945 @ISCSID_UIP_ABSTRACT_NAMESPACE
ffffa08d86848cc0: 00000002 00000000 00010000 0001 01 14944 @ISCSIADM_ABSTRACT_NAMESPACE
ffffa08d809b7b80: 00000002 00000000 00010000 0001 01 16034 /run/systemd/private
ffffa08d809b6200: 00000002 00000000 00010000 0001 01 16048 /run/lvm/lvmpolld.socket
ffffa08d87105540: 00000002 00000000 00010000 0005 01 16050 /run/systemd/coredump
ffffa08d83aeeec0: 00000002 00000000 00000000 0002 03 17508
ffffa08d87105dc0: 00000003 00000000 00000000 0002 03 20198
ffffa08d83ad6640: 00000003 00000000 00000000 0001 03 17258 /run/systemd/journal/stdout
ffffa08d8719d540: 00000003 00000000 00000000 0001 03 15068 /run/dbus/system_bus_socket
ffffa08d86848880: 00000003 00000000 00000000 0001 03 14898
ffffa08d809b5540: 00000003 00000000 00000000 0001 03 15099 /run/dbus/system_bus_socket
ffffa08d86a4eec0: 00000002 00000000 00000000 0002 03 15050
ffffa08d8878a640: 00000003 00000000 00000000 0001 03 16539
ffffa08d83ad7740: 00000003 00000000 00000000 0001 03 34562
ffffa08d86a4bb80: 00000003 00000000 00000000 0001 03 17433
ffffa08d86849980: 00000003 00000000 00000000 0001 03 14624 /run/systemd/journal/stdout
ffffa08d809b4440: 00000003 00000000 00000000 0001 03 14987
ffffa08d88789540: 00000003 00000000 00000000 0001 03 16525
ffffa08d8719f740: 00000003 00000000 00000000 0001 03 16703
ffffa08d86a48880: 00000003 00000000 00000000 0001 03 16828 /run/dbus/system_bus_socket
ffffa08d8719e640: 00000003 00000000 00000000 0001 03 15086 /run/systemd/journal/stdout
ffffa08d8684bb80: 00000003 00000000 00000000 0001 03 14952
ffffa08d86a49980: 00000003 00000000 00000000 0001 03 15227
ffffa08d809b6640: 00000003 00000000 00000000 0001 03 14972
ffffa08d86a4ddc0: 00000003 00000000 00000000 0002 03   530
ffffa08d83aeea80: 00000002 00000000 00000000 0002 03 17471
ffffa08d809b5100: 00000003 00000000 00000000 0001 03 16580 /run/systemd/journal/stdout
ffffa08d86a4ea80: 00000002 00000000 00000000 0002 03 14576
ffffa08d8878a200: 00000003 00000000 00000000 0001 03 14996 /run/dbus/system_bus_socket
ffffa08d809b4000: 00000003 00000000 00000000 0001 03 15065
ffffa08d86a4fb80: 00000002 00000000 00000000 0002 03 15019
ffffa08d87104880: 00000002 00000000 00000000 0002 03 16536
ffffa08d86849dc0: 00000003 00000000 00000000 0001 03 14955 /run/dbus/system_bus_socket
ffffa08d88789100: 00000003 00000000 00000000 0001 03 16574
ffffa08d809b7300: 00000003 00000000 00000000 0001 03 15066 /run/dbus/system_bus_socket
ffffa08d8719f300: 00000003 00000000 00000000 0001 03 16849
ffffa08d8684aec0: 00000003 00000000 00000000 0001 03 14602
ffffa08d88788000: 00000003 00000000 00000000 0001 03 20148 /run/systemd/journal/stdout
ffffa08d86a4d980: 00000003 00000000 00000000 0002 03   529
ffffa08d83ad5100: 00000003 00000000 00000000 0001 03 20828
ffffa08d83ad6ec0: 00000003 00000000 00000000 0001 03 34592 /run/systemd/journal/stdout
ffffa08d86848000: 00000003 00000000 00000000 0001 03 14896
ffffa08d87104440: 00000003 00000000 00000000 0002 03 35281
ffffa08d86a4b300: 00000003 00000000 00000000 0001 03 17428 /run/dbus/system_bus_socket
ffffa08d809b4cc0: 00000003 00000000 00000000 0001 03 14977
ffffa08d86a4f740: 00000002 00000000 00000000 0002 01 15090
ffffa08d8878aec0: 00000003 00000000 00000000 0001 03 16538
ffffa08d8684a200: 00000003 00000000 00000000 0001 03 14895
ffffa08d87107740: 00000002 00000000 00000000 0002 03 20185
ffffa08d86a4c440: 00000002 00000000 00000000 0002 03 14897
ffffa08d88789dc0: 00000003 00000000 00000000 0001 03 20145
ffffa08d8719eec0: 00000003 00000000 00000000 0001 03 16859 /run/systemd/journal/stdout
ffffa08d86a49100: 00000003 00000000 00000000 0001 03 17462
ffffa08d87106640: 00000002 00000000 00000000 0002 03 20170
ffffa08d83aed540: 00000002 00000000 00000000 0002 03 17430
ffffa08d88788cc0: 00000003 00000000 00000000 0001 03 20202
ffffa08d809b5980: 00000003 00000000 00000000 0001 03 16569 /run/systemd/journal/stdout
ffffa08d86a4e200: 00000002 00000000 00000000 0002 03 14614
ffffa08d87105100: 00000002 00000000 00000000 0002 03 18679
ffffa08d83ad6a80: 00000003 00000000 00000000 0001 03 20827
ffffa08d86a4a640: 00000003 00000000 00000000 0001 03 17427
ffffa08d86848440: 00000003 00000000 00000000 0001 03 14899
ffffa08d8878bb80: 00000003 00000000 00000000 0001 03 16531 /run/systemd/journal/stdout
ffffa08d809b4880: 00000003 00000000 00000000 0001 03 16590 /run/systemd/journal/stdout
ffffa08d86a4f300: 00000003 00000000 00000000 0002 03 14619
ffffa08d86a4b740: 00000003 00000000 00000000 0001 03 17434
ffffa08d87104000: 00000002 00000000 00000000 0002 03 16230
ffffa08d8878aa80: 00000003 00000000 00000000 0001 03 16589 /run/systemd/journal/stdout
ffffa08d86a4c000: 00000003 00000000 00000000 0002 03 14618
ffffa08d8684a640: 00000002 00000000 00000000 0001 03 20096
ffffa08d87107300: 00000003 00000000 00000000 0002 03 35280
ffffa08d88789980: 00000003 00000000 00000000 0001 03 20812 /run/dbus/system_bus_socket
ffffa08d83aec000: 00000002 00000000 00000000 0002 03 20824
ffffa08d809b6a80: 00000003 00000000 00000000 0001 03 15098
ffffa08d8719ea80: 00000003 00000000 00000000 0001 03 16699
ffffa08d87106200: 00000003 00000000 00000000 0002 03 20199
ffffa08d88788880: 00000003 00000000 00000000 0001 03 16547
